tub=3.333333,a million tubs=3333333.250000
and ten million tub=33333332.000000
mint=3.333333and a million mints=3333333.333333
